[{
          "FOV" : 45.000000,
          "Far" : 1000.000000,
          "LocX" : -21.302498,
          "LocY" : -57.721611,
          "LocZ" : 23.786476,
          "Near" : 0.100000,
          "RotX" : -0.001044,
          "RotY" : 0.001759,
          "RotZ" : 0.004270,
          "Sensitivity" : 0.100000
        }]