[{
          "FOV" : 45.000000,
          "Far" : 1000.000000,
          "LocX" : -31.309868,
          "LocY" : -27.258278,
          "LocZ" : 18.685484,
          "Near" : 0.100000,
          "RotX" : -0.003566,
          "RotY" : 21.943518,
          "RotZ" : 30.964869,
          "Sensitivity" : 0.100000
        }]