CameraSensitivity=0.100000
GridSpacing=1.000000
