[{
          "CameraType" : 6,
          "MaxX" : 0.667722,
          "MaxY" : 0.425061,
          "MinX" : 0.000000,
          "MinY" : 0.000000,
          "ViewportPos" : 0,
          "type" : "SWindow"
        }, {
          "CameraType" : 2,
          "MaxX" : 1.000000,
          "MaxY" : 0.425061,
          "MinX" : 0.667722,
          "MinY" : 0.000000,
          "ViewportPos" : 1,
          "type" : "SWindow"
        }, {
          "CameraType" : 1,
          "MaxX" : 0.667722,
          "MaxY" : 1.000000,
          "MinX" : 0.000000,
          "MinY" : 0.425061,
          "ViewportPos" : 2,
          "type" : "SWindow"
        }, {
          "CameraType" : 5,
          "MaxX" : 1.000000,
          "MaxY" : 1.000000,
          "MinX" : 0.667722,
          "MinY" : 0.425061,
          "ViewportPos" : 3,
          "type" : "SWindow"
        }, {
          "HMaxX" : 0.691455,
          "HMaxY" : 1.000000,
          "HMinX" : 0.667722,
          "HMinY" : 0.000000,
          "VMaxX" : 1.000000,
          "VMaxY" : 0.449235,
          "VMinX" : 0.417326,
          "VMinY" : 0.425061,
          "type" : "SSplitter2*2"
        }]