[{
          "CameraType" : 6,
          "MaxX" : 348.620026,
          "MaxY" : 354.500336,
          "MinX" : 0.000000,
          "MinY" : 0.000000,
          "ViewportPos" : 0,
          "type" : "SWindow"
        }, {
          "CameraType" : 2,
          "MaxX" : 1264.000000,
          "MaxY" : 354.500336,
          "MinX" : 348.620026,
          "MinY" : 0.000000,
          "ViewportPos" : 1,
          "type" : "SWindow"
        }, {
          "CameraType" : 1,
          "MaxX" : 348.620026,
          "MaxY" : 1241.000000,
          "MinX" : 0.000000,
          "MinY" : 354.500336,
          "ViewportPos" : 2,
          "type" : "SWindow"
        }, {
          "CameraType" : 5,
          "MaxX" : 1264.000000,
          "MaxY" : 1241.000000,
          "MinX" : 348.620026,
          "MinY" : 354.500336,
          "ViewportPos" : 3,
          "type" : "SWindow"
        }, {
          "HMaxX" : 378.618561,
          "HMaxY" : 1241.000000,
          "HMinX" : 348.620056,
          "HMinY" : 0.000000,
          "VMaxX" : 1264.000000,
          "VMaxY" : 384.500275,
          "VMinX" : 0.000000,
          "VMinY" : 354.500336,
          "type" : "SSplitter2*2"
        }]