[{
          "MaxX" : 926.000000,
          "MaxY" : 366.500000,
          "MinX" : 0.000000,
          "MinY" : 0.000000,
          "type" : "SWindow"
        }, {
          "MaxX" : 1264.000000,
          "MaxY" : 366.500000,
          "MinX" : 926.000000,
          "MinY" : 0.000000,
          "type" : "SWindow"
        }, {
          "MaxX" : 926.000000,
          "MaxY" : 1241.000000,
          "MinX" : 0.000000,
          "MinY" : 366.500000,
          "type" : "SWindow"
        }, {
          "MaxX" : 1264.000000,
          "MaxY" : 1241.000000,
          "MinX" : 926.000000,
          "MinY" : 366.500000,
          "type" : "SWindow"
        }, {
          "HMaxX" : 956.000000,
          "HMaxY" : 1241.000000,
          "HMinX" : 926.000000,
          "HMinY" : 0.000000,
          "VMaxX" : 1264.000000,
          "VMaxY" : 396.500000,
          "VMinX" : 0.000000,
          "VMinY" : 366.500000,
          "type" : "SSplitter2*2"
        }]