[{
          "CameraType" : 6,
          "MaxX" : 844.000610,
          "MaxY" : 527.500671,
          "MinX" : 0.000000,
          "MinY" : 0.000000,
          "ViewportPos" : 0,
          "type" : "SWindow"
        }, {
          "CameraType" : 2,
          "MaxX" : 1264.000000,
          "MaxY" : 527.500671,
          "MinX" : 844.000610,
          "MinY" : 0.000000,
          "ViewportPos" : 1,
          "type" : "SWindow"
        }, {
          "CameraType" : 1,
          "MaxX" : 844.000610,
          "MaxY" : 1241.000000,
          "MinX" : 0.000000,
          "MinY" : 527.500671,
          "ViewportPos" : 2,
          "type" : "SWindow"
        }, {
          "CameraType" : 5,
          "MaxX" : 1264.000000,
          "MaxY" : 1241.000000,
          "MinX" : 844.000610,
          "MinY" : 527.500671,
          "ViewportPos" : 3,
          "type" : "SWindow"
        }, {
          "HMaxX" : 873.999146,
          "HMaxY" : 1241.000000,
          "HMinX" : 844.000610,
          "HMinY" : 0.000000,
          "VMaxX" : 1264.000000,
          "VMaxY" : 557.500610,
          "VMinX" : 527.500671,
          "VMinY" : 527.500671,
          "type" : "SSplitter2*2"
        }]