[{
          "CameraType" : 6,
          "MaxX" : 463.000000,
          "MaxY" : 289.500000,
          "MinX" : 0.000000,
          "MinY" : 0.000000,
          "ViewportPos" : 0,
          "type" : "SWindow"
        }, {
          "CameraType" : 2,
          "MaxX" : 1264.000000,
          "MaxY" : 289.500000,
          "MinX" : 463.000000,
          "MinY" : 0.000000,
          "ViewportPos" : 1,
          "type" : "SWindow"
        }, {
          "CameraType" : 1,
          "MaxX" : 463.000000,
          "MaxY" : 1241.000000,
          "MinX" : 0.000000,
          "MinY" : 289.500000,
          "ViewportPos" : 2,
          "type" : "SWindow"
        }, {
          "CameraType" : 5,
          "MaxX" : 1264.000000,
          "MaxY" : 1241.000000,
          "MinX" : 463.000000,
          "MinY" : 289.500000,
          "ViewportPos" : 3,
          "type" : "SWindow"
        }, {
          "HMaxX" : 493.000000,
          "HMaxY" : 1241.000000,
          "HMinX" : 463.000000,
          "HMinY" : 0.000000,
          "VMaxX" : 1264.000000,
          "VMaxY" : 319.500000,
          "VMinX" : 0.000000,
          "VMinY" : 289.500000,
          "type" : "SSplitter2*2"
        }]