[{
          "CameraType" : 6,
          "MaxX" : 585.709473,
          "MaxY" : 732.076660,
          "MinX" : 0.000000,
          "MinY" : 0.000000,
          "ViewportPos" : 0,
          "type" : "SWindow"
        }, {
          "CameraType" : 2,
          "MaxX" : 1849.709473,
          "MaxY" : 732.076660,
          "MinX" : 585.709473,
          "MinY" : 0.000000,
          "ViewportPos" : 1,
          "type" : "SWindow"
        }, {
          "CameraType" : 1,
          "MaxX" : 585.709473,
          "MaxY" : 1913.848511,
          "MinX" : 0.000000,
          "MinY" : 732.076660,
          "ViewportPos" : 2,
          "type" : "SWindow"
        }, {
          "CameraType" : 5,
          "MaxX" : 1849.709473,
          "MaxY" : 1913.848511,
          "MinX" : 585.709473,
          "MinY" : 732.076660,
          "ViewportPos" : 3,
          "type" : "SWindow"
        }, {
          "HMaxX" : 629.610718,
          "HMaxY" : 1913.848511,
          "HMinX" : 585.709473,
          "HMinY" : 0.000000,
          "VMaxX" : 1849.709473,
          "VMaxY" : 778.342529,
          "VMinX" : 0.000000,
          "VMinY" : 732.076660,
          "type" : "SSplitter2*2"
        }]