[{
          "CameraType" : 6,
          "MaxX" : 590.343262,
          "MaxY" : 639.714722,
          "MinX" : 0.000000,
          "MinY" : 0.000000,
          "ViewportPos" : 0,
          "type" : "SWindow"
        }, {
          "CameraType" : 2,
          "MaxX" : 1864.343262,
          "MaxY" : 639.714722,
          "MinX" : 590.343262,
          "MinY" : 0.000000,
          "ViewportPos" : 1,
          "type" : "SWindow"
        }, {
          "CameraType" : 1,
          "MaxX" : 590.343262,
          "MaxY" : 1672.389160,
          "MinX" : 0.000000,
          "MinY" : 639.714722,
          "ViewportPos" : 2,
          "type" : "SWindow"
        }, {
          "CameraType" : 5,
          "MaxX" : 1864.343262,
          "MaxY" : 1672.389160,
          "MinX" : 590.343262,
          "MinY" : 639.714722,
          "ViewportPos" : 3,
          "type" : "SWindow"
        }, {
          "HMaxX" : 634.591797,
          "HMaxY" : 1672.389160,
          "HMinX" : 590.343262,
          "HMinY" : 0.000000,
          "VMaxX" : 1864.343262,
          "VMaxY" : 680.143494,
          "VMinX" : 0.000000,
          "VMinY" : 639.714722,
          "type" : "SSplitter2*2"
        }]